{
 "cells": [
  {
   "cell_type": "markdown",
   "metadata": {},
   "source": [
    "# Load data"
   ]
  },
  {
   "cell_type": "markdown",
   "metadata": {},
   "source": [
    "Our dataset contains the average GDP per capita of 227 countries from 1970 to 2017 as well as the average of other metrics such as Infant mortality (per 1000 births) and Literacy % for each country\n",
    "\n",
    "We want our model to be able to predict the GDP per capita for a country based on inputted values for the other metrics.\n",
    "\n",
    "Here is a link to our dataset: https://www.kaggle.com/code/noxmoon/world-countries-predicting-gdp/input\n",
    "\n",
    "Here is some more specific information on the columns:\n",
    "\n",
    "Arable %: Percentage of land capable of cultivating crops\n",
    "<br>\n",
    "Crop %: percentage of arable land that is actually under cultivation and used for growing crops\n",
    "<br>\n",
    "Other %: percentage of arable land that is not used for crops\n",
    "<br>\n",
    "Agriculture: percentage of GDP that comes from agriculture\n",
    "<br>\n",
    "Industry: percentage of GDP that comes from industrial activities\n",
    "<br>\n",
    "Service: percentage of GDP from the service industry"
   ]
  },
  {
   "cell_type": "code",
   "execution_count": 16,
   "id": "adf3b87e",
   "metadata": {},
   "outputs": [],
   "source": [
    "import pandas as pd\n",
    "\n",
    "file = 'countries of the world.csv'\n",
    "\n",
    "df = pd.read_csv(file, decimal = ',')"
   ]
  },
  {
   "cell_type": "markdown",
   "id": "0e1fc6fb",
   "metadata": {},
   "source": [
    "# Preprocessing for data analysis"
   ]
  },
  {
   "cell_type": "code",
   "execution_count": null,
   "id": "08f1e94f",
   "metadata": {},
   "outputs": [],
   "source": [
    "# Fills null values with the average column value by region \n",
    "\n",
    "for col in df.columns.values:\n",
    "  if df[col].isnull().sum() == 0: # if column does not have null values\n",
    "    continue \n",
    "  #otherwise\n",
    "  med_values = df.groupby('Region')[col].median()\n",
    "  for region in df['Region'].unique():\n",
    "    # replace value where value is null and df[Region] = region\n",
    "    df[col].loc[(df[col].isnull()) & (df['Region'] == region)] = med_values[region] "
   ]
  },
  {
   "cell_type": "code",
   "execution_count": 18,
   "id": "95c1f98b",
   "metadata": {},
   "outputs": [],
   "source": [
    "# Save preprocessed data before dummy variables to use for data analysis\n",
    "\n",
    "graph_data = df"
   ]
  },
  {
   "cell_type": "markdown",
   "id": "7d3a7f44",
   "metadata": {},
   "source": [
    "# Data Analysis and Graphs"
   ]
  },
  {
   "cell_type": "code",
   "execution_count": 19,
   "id": "552920ce",
   "metadata": {},
   "outputs": [
    {
     "name": "stdout",
     "output_type": "stream",
     "text": [
      "Population, St Pierre & Miquelon , 7026\n",
      "Area (sq. mi.), Monaco , 2\n",
      "Pop. Density (per sq. mi.), Greenland , 0.0\n",
      "Coastline (coast/area ratio), Afghanistan , 0.0\n",
      "Net migration, Micronesia, Fed. St. , -20.99\n",
      "Infant mortality (per 1000 births), Singapore , 2.29\n",
      "GDP ($ per capita), East Timor , 500.0\n",
      "Literacy (%), Niger , 17.6\n",
      "Phones (per 1000), Congo, Dem. Rep. , 0.2\n",
      "Arable (%), Anguilla , 0.0\n",
      "Crops (%), Andorra , 0.0\n",
      "Other (%), Tonga , 33.33\n",
      "Climate, Afghanistan , 1.0\n",
      "Birthrate, Hong Kong , 7.29\n",
      "Deathrate, N. Mariana Islands , 2.29\n",
      "Agriculture, Singapore , 0.0\n",
      "Industry, Jersey , 0.02\n",
      "Service, Equatorial Guinea , 0.062\n"
     ]
    }
   ],
   "source": [
    "# min column values with country name\n",
    "\n",
    "for col in df.columns.values[2:]:\n",
    "  index_of_min = df[col].idxmin()\n",
    "  min_country = df['Country'].loc[index_of_min]\n",
    "  min_value = df[col].min()\n",
    "  print(col + \", \" + min_country + \", \" + str(min_value))"
   ]
  },
  {
   "cell_type": "code",
   "execution_count": 20,
   "id": "3ec4680d",
   "metadata": {},
   "outputs": [
    {
     "name": "stdout",
     "output_type": "stream",
     "text": [
      "Population, China , 1313973713\n",
      "Area (sq. mi.), Russia , 17075200\n",
      "Pop. Density (per sq. mi.), Monaco , 16271.5\n",
      "Coastline (coast/area ratio), Micronesia, Fed. St. , 870.66\n",
      "Net migration, Afghanistan , 23.06\n",
      "Infant mortality (per 1000 births), Angola , 191.19\n",
      "GDP ($ per capita), Luxembourg , 55100.0\n",
      "Literacy (%), Andorra , 100.0\n",
      "Phones (per 1000), Monaco , 1035.6\n",
      "Arable (%), Bangladesh , 62.11\n",
      "Crops (%), Kiribati , 50.68\n",
      "Other (%), Anguilla , 100.0\n",
      "Climate, Armenia , 4.0\n",
      "Birthrate, Niger , 50.73\n",
      "Deathrate, Swaziland , 29.74\n",
      "Agriculture, Liberia , 0.769\n",
      "Industry, Equatorial Guinea , 0.906\n",
      "Service, Cayman Islands , 0.954\n"
     ]
    }
   ],
   "source": [
    "# max column values with country name\n",
    "\n",
    "for col in df.columns.values[2:]:\n",
    "  index_of_max = df[col].idxmax()\n",
    "  max_country = df['Country'].loc[index_of_max]\n",
    "  max_value = df[col].max()\n",
    "  print(col + \", \" + max_country + \", \" + str(max_value))"
   ]
  },
  {
   "cell_type": "markdown",
   "id": "c4c6350e",
   "metadata": {},
   "source": [
    "### Heatmap\n",
    "\n",
    "Below is a correlation map of all columns in the dataframe \n",
    "<br>\n",
    "Values close to -1 or 1 are a good indicator of important features in the dataset \n",
    "<br>\n",
    "For example, GDP is highly correlated to Phones per 1000 people (0.83)"
   ]
  },
  {
   "cell_type": "code",
   "execution_count": 21,
   "id": "a1dfded3",
   "metadata": {},
   "outputs": [
    {
     "data": {
      "application/vnd.plotly.v1+json": {
       "config": {
        "plotlyServerURL": "https://plot.ly"
       },
       "data": [
        {
         "coloraxis": "coloraxis",
         "hovertemplate": "x: %{x}<br>y: %{y}<br>color: %{z}<extra></extra>",
         "name": "0",
         "texttemplate": "%{z}",
         "type": "heatmap",
         "x": [
          "Population",
          "Area (sq. mi.)",
          "Pop. Density (per sq. mi.)",
          "Coastline (coast/area ratio)",
          "Net migration",
          "Infant mortality (per 1000 births)",
          "GDP ($ per capita)",
          "Literacy (%)",
          "Phones (per 1000)",
          "Arable (%)",
          "Crops (%)",
          "Other (%)",
          "Climate",
          "Birthrate",
          "Deathrate",
          "Agriculture",
          "Industry",
          "Service"
         ],
         "xaxis": "x",
         "y": [
          "Population",
          "Area (sq. mi.)",
          "Pop. Density (per sq. mi.)",
          "Coastline (coast/area ratio)",
          "Net migration",
          "Infant mortality (per 1000 births)",
          "GDP ($ per capita)",
          "Literacy (%)",
          "Phones (per 1000)",
          "Arable (%)",
          "Crops (%)",
          "Other (%)",
          "Climate",
          "Birthrate",
          "Deathrate",
          "Agriculture",
          "Industry",
          "Service"
         ],
         "yaxis": "y",
         "z": [
          [
           1,
           0.46998508371848186,
           -0.02819047419507408,
           -0.06819893686118715,
           0.00012197596119944466,
           0.02448832345067717,
           -0.038914573702449155,
           -0.05160995990263664,
           -0.029234656823301904,
           0.18833658300565578,
           -0.059617400727107535,
           -0.12111786823613734,
           -0.02978313000564158,
           -0.044150814747904804,
           -0.025973618067412083,
           0.004866616998047224,
           0.10573248021851495,
           -0.08735604396272696
          ],
          [
           0.46998508371848186,
           1,
           -0.06691699842088768,
           -0.09562748502395603,
           0.047537093562062795,
           -0.0051200118584673595,
           0.07246003726768048,
           0.025953873181093053,
           0.05502620046304673,
           -0.0792704364752415,
           -0.14223358854725457,
           0.13795574931106175,
           -0.06745454122606503,
           -0.06482194268884643,
           0.04241763738258006,
           -0.04882070193079003,
           0.12740083566882665,
           -0.057226990321064396
          ],
          [
           -0.02819047419507408,
           -0.06691699842088768,
           1,
           0.24168951946874723,
           0.1780884754085168,
           -0.14274131006126678,
           0.19606284042244132,
           0.09848749919998952,
           0.2808184638635084,
           -0.08085709330119265,
           -0.03245954623232804,
           0.0820655984506061,
           0.06945495534425557,
           -0.15790917317967582,
           -0.06791037155844548,
           -0.1102353588663079,
           -0.11673409131600326,
           0.2292227654182715
          ],
          [
           -0.06819893686118715,
           -0.09562748502395603,
           0.24168951946874723,
           1,
           -0.1339469553645472,
           -0.13822297259781743,
           0.04956115858498951,
           0.1331122337640817,
           0.1532037843715537,
           -0.12076010066943359,
           0.3388885666467854,
           -0.07831159747253688,
           -0.002934635583532357,
           -0.07402133702384993,
           -0.16270469271148877,
           -0.03630098670039027,
           -0.21481869606240336,
           0.21020056612490498
          ],
          [
           0.00012197596119944466,
           0.047537093562062795,
           0.1780884754085168,
           -0.1339469553645472,
           1,
           -0.024875560972641746,
           0.38202859162572833,
           -0.015620274143781934,
           0.23915980473808038,
           -0.05933377087498091,
           -0.3443374400473231,
           0.22574004695330868,
           0.026244505317197894,
           -0.06494675796874397,
           0.0335754372660692,
           -0.10710548179087483,
           -0.019155804410756618,
           0.11010301801711832
          ],
          [
           0.02448832345067717,
           -0.0051200118584673595,
           -0.14274131006126678,
           -0.13822297259781743,
           -0.024875560972641746,
           1,
           -0.5954315328601326,
           -0.7587023384256675,
           -0.6666993069987005,
           -0.1136074096716378,
           -0.07019668625236594,
           0.1280633960184025,
           -0.37216476960700556,
           0.8444416698563232,
           0.6558907145617281,
           0.7067340427664893,
           0.028858762534378444,
           -0.6400071853964491
          ],
          [
           -0.038914573702449155,
           0.07246003726768048,
           0.19606284042244132,
           0.04956115858498951,
           0.38202859162572833,
           -0.5954315328601326,
           1,
           0.5088387202481168,
           0.8323640369760106,
           0.023936588770589955,
           -0.2180934624402418,
           0.09373711796858653,
           0.3691295162261547,
           -0.6431988198383183,
           -0.1963216846805327,
           -0.5859866916174662,
           -0.034992579754979485,
           0.5539942592780367
          ],
          [
           -0.05160995990263664,
           0.025953873181093053,
           0.09848749919998952,
           0.1331122337640817,
           -0.015620274143781934,
           -0.7587023384256675,
           0.5088387202481168,
           1,
           0.5874403038797763,
           0.08526860241593506,
           0.03837191972022937,
           -0.08852159664505015,
           0.4172137736135398,
           -0.7769463078530835,
           -0.3767563816237851,
           -0.5940623097499179,
           0.019528275420228232,
           0.5056183969460392
          ],
          [
           -0.029234656823301904,
           0.05502620046304673,
           0.2808184638635084,
           0.1532037843715537,
           0.23915980473808038,
           -0.6666993069987005,
           0.8323640369760106,
           0.5874403038797763,
           1,
           0.06885311877586564,
           -0.15069975618986883,
           0.022292569160530414,
           0.42870151495907743,
           -0.7210986128209224,
           -0.2530331017606004,
           -0.5994050402040635,
           -0.15817790401433643,
           0.670933129719948
          ],
          [
           0.18833658300565578,
           -0.0792704364752415,
           -0.08085709330119265,
           -0.12076010066943359,
           -0.05933377087498091,
           -0.1136074096716378,
           0.023936588770589955,
           0.08526860241593506,
           0.06885311877586564,
           1,
           0.09461443626387897,
           -0.8567696328212391,
           0.373295962105353,
           -0.19509970897741782,
           0.06015312998444192,
           -0.023226789461919372,
           -0.048443523488854896,
           0.06655013854324812
          ],
          [
           -0.059617400727107535,
           -0.14223358854725457,
           -0.03245954623232804,
           0.3388885666467854,
           -0.3443374400473231,
           -0.07019668625236594,
           -0.2180934624402418,
           0.03837191972022937,
           -0.15069975618986883,
           0.09461443626387897,
           1,
           -0.594412848935981,
           -0.016145974074861645,
           0.11774380837154438,
           -0.20942516637782826,
           0.06281505233275377,
           -0.11890030630720658,
           0.042806173794516525
          ],
          [
           -0.12111786823613734,
           0.13795574931106175,
           0.0820655984506061,
           -0.07831159747253688,
           0.22574004695330868,
           0.1280633960184025,
           0.09373711796858653,
           -0.08852159664505015,
           0.022292569160530414,
           -0.8567696328212391,
           -0.594412848935981,
           1,
           -0.29329294284339064,
           0.09616844449741471,
           0.06005793513890404,
           -0.013929943874448396,
           0.10113459421653966,
           -0.07597040040990245
          ],
          [
           -0.02978313000564158,
           -0.06745454122606503,
           0.06945495534425557,
           -0.002934635583532357,
           0.026244505317197894,
           -0.37216476960700556,
           0.3691295162261547,
           0.4172137736135398,
           0.42870151495907743,
           0.373295962105353,
           -0.016145974074861645,
           -0.29329294284339064,
           1,
           -0.47317573581665684,
           0.04738536169644283,
           -0.21266688842755005,
           -0.10454358931641788,
           0.28441929139709005
          ],
          [
           -0.044150814747904804,
           -0.06482194268884643,
           -0.15790917317967582,
           -0.07402133702384993,
           -0.06494675796874397,
           0.8444416698563232,
           -0.6431988198383183,
           -0.7769463078530835,
           -0.7210986128209224,
           -0.19509970897741782,
           0.11774380837154438,
           0.09616844449741471,
           -0.47317573581665684,
           1,
           0.39189260036025214,
           0.6760236739747743,
           -0.045458928881057306,
           -0.5612259107953175
          ],
          [
           -0.025973618067412083,
           0.04241763738258006,
           -0.06791037155844548,
           -0.16270469271148877,
           0.0335754372660692,
           0.6558907145617281,
           -0.1963216846805327,
           -0.3767563816237851,
           -0.2530331017606004,
           0.06015312998444192,
           -0.20942516637782826,
           0.06005793513890404,
           0.04738536169644283,
           0.39189260036025214,
           1,
           0.3767605130889807,
           0.05055604953395608,
           -0.3560142287835583
          ],
          [
           0.004866616998047224,
           -0.04882070193079003,
           -0.1102353588663079,
           -0.03630098670039027,
           -0.10710548179087483,
           0.7067340427664893,
           -0.5859866916174662,
           -0.5940623097499179,
           -0.5994050402040635,
           -0.023226789461919372,
           0.06281505233275377,
           -0.013929943874448396,
           -0.21266688842755005,
           0.6760236739747743,
           0.3767605130889807,
           1,
           -0.3101394066615926,
           -0.6228512232753625
          ],
          [
           0.10573248021851495,
           0.12740083566882665,
           -0.11673409131600326,
           -0.21481869606240336,
           -0.019155804410756618,
           0.028858762534378444,
           -0.034992579754979485,
           0.019528275420228232,
           -0.15817790401433643,
           -0.048443523488854896,
           -0.11890030630720658,
           0.10113459421653966,
           -0.10454358931641788,
           -0.045458928881057306,
           0.05055604953395608,
           -0.3101394066615926,
           1,
           -0.544294580882851
          ],
          [
           -0.08735604396272696,
           -0.057226990321064396,
           0.2292227654182715,
           0.21020056612490498,
           0.11010301801711832,
           -0.6400071853964491,
           0.5539942592780367,
           0.5056183969460392,
           0.670933129719948,
           0.06655013854324812,
           0.042806173794516525,
           -0.07597040040990245,
           0.28441929139709005,
           -0.5612259107953175,
           -0.3560142287835583,
           -0.6228512232753625,
           -0.544294580882851,
           1
          ]
         ]
        }
       ],
       "layout": {
        "coloraxis": {
         "colorscale": [
          [
           0,
           "#0d0887"
          ],
          [
           0.1111111111111111,
           "#46039f"
          ],
          [
           0.2222222222222222,
           "#7201a8"
          ],
          [
           0.3333333333333333,
           "#9c179e"
          ],
          [
           0.4444444444444444,
           "#bd3786"
          ],
          [
           0.5555555555555556,
           "#d8576b"
          ],
          [
           0.6666666666666666,
           "#ed7953"
          ],
          [
           0.7777777777777778,
           "#fb9f3a"
          ],
          [
           0.8888888888888888,
           "#fdca26"
          ],
          [
           1,
           "#f0f921"
          ]
         ]
        },
        "height": 1300,
        "margin": {
         "t": 60
        },
        "template": {
         "data": {
          "bar": [
           {
            "error_x": {
             "color": "#2a3f5f"
            },
            "error_y": {
             "color": "#2a3f5f"
            },
            "marker": {
             "line": {
              "color": "#E5ECF6",
              "width": 0.5
             },
             "pattern": {
              "fillmode": "overlay",
              "size": 10,
              "solidity": 0.2
             }
            },
            "type": "bar"
           }
          ],
          "barpolar": [
           {
            "marker": {
             "line": {
              "color": "#E5ECF6",
              "width": 0.5
             },
             "pattern": {
              "fillmode": "overlay",
              "size": 10,
              "solidity": 0.2
             }
            },
            "type": "barpolar"
           }
          ],
          "carpet": [
           {
            "aaxis": {
             "endlinecolor": "#2a3f5f",
             "gridcolor": "white",
             "linecolor": "white",
             "minorgridcolor": "white",
             "startlinecolor": "#2a3f5f"
            },
            "baxis": {
             "endlinecolor": "#2a3f5f",
             "gridcolor": "white",
             "linecolor": "white",
             "minorgridcolor": "white",
             "startlinecolor": "#2a3f5f"
            },
            "type": "carpet"
           }
          ],
          "choropleth": [
           {
            "colorbar": {
             "outlinewidth": 0,
             "ticks": ""
            },
            "type": "choropleth"
           }
          ],
          "contour": [
           {
            "colorbar": {
             "outlinewidth": 0,
             "ticks": ""
            },
            "colorscale": [
             [
              0,
              "#0d0887"
             ],
             [
              0.1111111111111111,
              "#46039f"
             ],
             [
              0.2222222222222222,
              "#7201a8"
             ],
             [
              0.3333333333333333,
              "#9c179e"
             ],
             [
              0.4444444444444444,
              "#bd3786"
             ],
             [
              0.5555555555555556,
              "#d8576b"
             ],
             [
              0.6666666666666666,
              "#ed7953"
             ],
             [
              0.7777777777777778,
              "#fb9f3a"
             ],
             [
              0.8888888888888888,
              "#fdca26"
             ],
             [
              1,
              "#f0f921"
             ]
            ],
            "type": "contour"
           }
          ],
          "contourcarpet": [
           {
            "colorbar": {
             "outlinewidth": 0,
             "ticks": ""
            },
            "type": "contourcarpet"
           }
          ],
          "heatmap": [
           {
            "colorbar": {
             "outlinewidth": 0,
             "ticks": ""
            },
            "colorscale": [
             [
              0,
              "#0d0887"
             ],
             [
              0.1111111111111111,
              "#46039f"
             ],
             [
              0.2222222222222222,
              "#7201a8"
             ],
             [
              0.3333333333333333,
              "#9c179e"
             ],
             [
              0.4444444444444444,
              "#bd3786"
             ],
             [
              0.5555555555555556,
              "#d8576b"
             ],
             [
              0.6666666666666666,
              "#ed7953"
             ],
             [
              0.7777777777777778,
              "#fb9f3a"
             ],
             [
              0.8888888888888888,
              "#fdca26"
             ],
             [
              1,
              "#f0f921"
             ]
            ],
            "type": "heatmap"
           }
          ],
          "heatmapgl": [
           {
            "colorbar": {
             "outlinewidth": 0,
             "ticks": ""
            },
            "colorscale": [
             [
              0,
              "#0d0887"
             ],
             [
              0.1111111111111111,
              "#46039f"
             ],
             [
              0.2222222222222222,
              "#7201a8"
             ],
             [
              0.3333333333333333,
              "#9c179e"
             ],
             [
              0.4444444444444444,
              "#bd3786"
             ],
             [
              0.5555555555555556,
              "#d8576b"
             ],
             [
              0.6666666666666666,
              "#ed7953"
             ],
             [
              0.7777777777777778,
              "#fb9f3a"
             ],
             [
              0.8888888888888888,
              "#fdca26"
             ],
             [
              1,
              "#f0f921"
             ]
            ],
            "type": "heatmapgl"
           }
          ],
          "histogram": [
           {
            "marker": {
             "pattern": {
              "fillmode": "overlay",
              "size": 10,
              "solidity": 0.2
             }
            },
            "type": "histogram"
           }
          ],
          "histogram2d": [
           {
            "colorbar": {
             "outlinewidth": 0,
             "ticks": ""
            },
            "colorscale": [
             [
              0,
              "#0d0887"
             ],
             [
              0.1111111111111111,
              "#46039f"
             ],
             [
              0.2222222222222222,
              "#7201a8"
             ],
             [
              0.3333333333333333,
              "#9c179e"
             ],
             [
              0.4444444444444444,
              "#bd3786"
             ],
             [
              0.5555555555555556,
              "#d8576b"
             ],
             [
              0.6666666666666666,
              "#ed7953"
             ],
             [
              0.7777777777777778,
              "#fb9f3a"
             ],
             [
              0.8888888888888888,
              "#fdca26"
             ],
             [
              1,
              "#f0f921"
             ]
            ],
            "type": "histogram2d"
           }
          ],
          "histogram2dcontour": [
           {
            "colorbar": {
             "outlinewidth": 0,
             "ticks": ""
            },
            "colorscale": [
             [
              0,
              "#0d0887"
             ],
             [
              0.1111111111111111,
              "#46039f"
             ],
             [
              0.2222222222222222,
              "#7201a8"
             ],
             [
              0.3333333333333333,
              "#9c179e"
             ],
             [
              0.4444444444444444,
              "#bd3786"
             ],
             [
              0.5555555555555556,
              "#d8576b"
             ],
             [
              0.6666666666666666,
              "#ed7953"
             ],
             [
              0.7777777777777778,
              "#fb9f3a"
             ],
             [
              0.8888888888888888,
              "#fdca26"
             ],
             [
              1,
              "#f0f921"
             ]
            ],
            "type": "histogram2dcontour"
           }
          ],
          "mesh3d": [
           {
            "colorbar": {
             "outlinewidth": 0,
             "ticks": ""
            },
            "type": "mesh3d"
           }
          ],
          "parcoords": [
           {
            "line": {
             "colorbar": {
              "outlinewidth": 0,
              "ticks": ""
             }
            },
            "type": "parcoords"
           }
          ],
          "pie": [
           {
            "automargin": true,
            "type": "pie"
           }
          ],
          "scatter": [
           {
            "fillpattern": {
             "fillmode": "overlay",
             "size": 10,
             "solidity": 0.2
            },
            "type": "scatter"
           }
          ],
          "scatter3d": [
           {
            "line": {
             "colorbar": {
              "outlinewidth": 0,
              "ticks": ""
             }
            },
            "marker": {
             "colorbar": {
              "outlinewidth": 0,
              "ticks": ""
             }
            },
            "type": "scatter3d"
           }
          ],
          "scattercarpet": [
           {
            "marker": {
             "colorbar": {
              "outlinewidth": 0,
              "ticks": ""
             }
            },
            "type": "scattercarpet"
           }
          ],
          "scattergeo": [
           {
            "marker": {
             "colorbar": {
              "outlinewidth": 0,
              "ticks": ""
             }
            },
            "type": "scattergeo"
           }
          ],
          "scattergl": [
           {
            "marker": {
             "colorbar": {
              "outlinewidth": 0,
              "ticks": ""
             }
            },
            "type": "scattergl"
           }
          ],
          "scattermapbox": [
           {
            "marker": {
             "colorbar": {
              "outlinewidth": 0,
              "ticks": ""
             }
            },
            "type": "scattermapbox"
           }
          ],
          "scatterpolar": [
           {
            "marker": {
             "colorbar": {
              "outlinewidth": 0,
              "ticks": ""
             }
            },
            "type": "scatterpolar"
           }
          ],
          "scatterpolargl": [
           {
            "marker": {
             "colorbar": {
              "outlinewidth": 0,
              "ticks": ""
             }
            },
            "type": "scatterpolargl"
           }
          ],
          "scatterternary": [
           {
            "marker": {
             "colorbar": {
              "outlinewidth": 0,
              "ticks": ""
             }
            },
            "type": "scatterternary"
           }
          ],
          "surface": [
           {
            "colorbar": {
             "outlinewidth": 0,
             "ticks": ""
            },
            "colorscale": [
             [
              0,
              "#0d0887"
             ],
             [
              0.1111111111111111,
              "#46039f"
             ],
             [
              0.2222222222222222,
              "#7201a8"
             ],
             [
              0.3333333333333333,
              "#9c179e"
             ],
             [
              0.4444444444444444,
              "#bd3786"
             ],
             [
              0.5555555555555556,
              "#d8576b"
             ],
             [
              0.6666666666666666,
              "#ed7953"
             ],
             [
              0.7777777777777778,
              "#fb9f3a"
             ],
             [
              0.8888888888888888,
              "#fdca26"
             ],
             [
              1,
              "#f0f921"
             ]
            ],
            "type": "surface"
           }
          ],
          "table": [
           {
            "cells": {
             "fill": {
              "color": "#EBF0F8"
             },
             "line": {
              "color": "white"
             }
            },
            "header": {
             "fill": {
              "color": "#C8D4E3"
             },
             "line": {
              "color": "white"
             }
            },
            "type": "table"
           }
          ]
         },
         "layout": {
          "annotationdefaults": {
           "arrowcolor": "#2a3f5f",
           "arrowhead": 0,
           "arrowwidth": 1
          },
          "autotypenumbers": "strict",
          "coloraxis": {
           "colorbar": {
            "outlinewidth": 0,
            "ticks": ""
           }
          },
          "colorscale": {
           "diverging": [
            [
             0,
             "#8e0152"
            ],
            [
             0.1,
             "#c51b7d"
            ],
            [
             0.2,
             "#de77ae"
            ],
            [
             0.3,
             "#f1b6da"
            ],
            [
             0.4,
             "#fde0ef"
            ],
            [
             0.5,
             "#f7f7f7"
            ],
            [
             0.6,
             "#e6f5d0"
            ],
            [
             0.7,
             "#b8e186"
            ],
            [
             0.8,
             "#7fbc41"
            ],
            [
             0.9,
             "#4d9221"
            ],
            [
             1,
             "#276419"
            ]
           ],
           "sequential": [
            [
             0,
             "#0d0887"
            ],
            [
             0.1111111111111111,
             "#46039f"
            ],
            [
             0.2222222222222222,
             "#7201a8"
            ],
            [
             0.3333333333333333,
             "#9c179e"
            ],
            [
             0.4444444444444444,
             "#bd3786"
            ],
            [
             0.5555555555555556,
             "#d8576b"
            ],
            [
             0.6666666666666666,
             "#ed7953"
            ],
            [
             0.7777777777777778,
             "#fb9f3a"
            ],
            [
             0.8888888888888888,
             "#fdca26"
            ],
            [
             1,
             "#f0f921"
            ]
           ],
           "sequentialminus": [
            [
             0,
             "#0d0887"
            ],
            [
             0.1111111111111111,
             "#46039f"
            ],
            [
             0.2222222222222222,
             "#7201a8"
            ],
            [
             0.3333333333333333,
             "#9c179e"
            ],
            [
             0.4444444444444444,
             "#bd3786"
            ],
            [
             0.5555555555555556,
             "#d8576b"
            ],
            [
             0.6666666666666666,
             "#ed7953"
            ],
            [
             0.7777777777777778,
             "#fb9f3a"
            ],
            [
             0.8888888888888888,
             "#fdca26"
            ],
            [
             1,
             "#f0f921"
            ]
           ]
          },
          "colorway": [
           "#636efa",
           "#EF553B",
           "#00cc96",
           "#ab63fa",
           "#FFA15A",
           "#19d3f3",
           "#FF6692",
           "#B6E880",
           "#FF97FF",
           "#FECB52"
          ],
          "font": {
           "color": "#2a3f5f"
          },
          "geo": {
           "bgcolor": "white",
           "lakecolor": "white",
           "landcolor": "#E5ECF6",
           "showlakes": true,
           "showland": true,
           "subunitcolor": "white"
          },
          "hoverlabel": {
           "align": "left"
          },
          "hovermode": "closest",
          "mapbox": {
           "style": "light"
          },
          "paper_bgcolor": "white",
          "plot_bgcolor": "#E5ECF6",
          "polar": {
           "angularaxis": {
            "gridcolor": "white",
            "linecolor": "white",
            "ticks": ""
           },
           "bgcolor": "#E5ECF6",
           "radialaxis": {
            "gridcolor": "white",
            "linecolor": "white",
            "ticks": ""
           }
          },
          "scene": {
           "xaxis": {
            "backgroundcolor": "#E5ECF6",
            "gridcolor": "white",
            "gridwidth": 2,
            "linecolor": "white",
            "showbackground": true,
            "ticks": "",
            "zerolinecolor": "white"
           },
           "yaxis": {
            "backgroundcolor": "#E5ECF6",
            "gridcolor": "white",
            "gridwidth": 2,
            "linecolor": "white",
            "showbackground": true,
            "ticks": "",
            "zerolinecolor": "white"
           },
           "zaxis": {
            "backgroundcolor": "#E5ECF6",
            "gridcolor": "white",
            "gridwidth": 2,
            "linecolor": "white",
            "showbackground": true,
            "ticks": "",
            "zerolinecolor": "white"
           }
          },
          "shapedefaults": {
           "line": {
            "color": "#2a3f5f"
           }
          },
          "ternary": {
           "aaxis": {
            "gridcolor": "white",
            "linecolor": "white",
            "ticks": ""
           },
           "baxis": {
            "gridcolor": "white",
            "linecolor": "white",
            "ticks": ""
           },
           "bgcolor": "#E5ECF6",
           "caxis": {
            "gridcolor": "white",
            "linecolor": "white",
            "ticks": ""
           }
          },
          "title": {
           "x": 0.05
          },
          "xaxis": {
           "automargin": true,
           "gridcolor": "white",
           "linecolor": "white",
           "ticks": "",
           "title": {
            "standoff": 15
           },
           "zerolinecolor": "white",
           "zerolinewidth": 2
          },
          "yaxis": {
           "automargin": true,
           "gridcolor": "white",
           "linecolor": "white",
           "ticks": "",
           "title": {
            "standoff": 15
           },
           "zerolinecolor": "white",
           "zerolinewidth": 2
          }
         }
        },
        "width": 1300,
        "xaxis": {
         "anchor": "y",
         "constrain": "domain",
         "domain": [
          0,
          1
         ],
         "scaleanchor": "y"
        },
        "yaxis": {
         "anchor": "x",
         "autorange": "reversed",
         "constrain": "domain",
         "domain": [
          0,
          1
         ]
        }
       }
      },
      "text/html": [
